,Protocol_type_icmp,Protocol_type_tcp,Protocol_type_udp,count,diff_srv_rate,dst_bytes,dst_host_count,dst_host_diff_srv_rate,dst_host_rerror_rate,dst_host_same_src_port_rate,dst_host_same_srv_rate,dst_host_serror_rate,dst_host_srv_count,dst_host_srv_diff_host_rate,duration,flag_OTH,flag_REJ,flag_RSTO,flag_RSTOS0,flag_RSTR,flag_S0,flag_S1,flag_S2,flag_S3,flag_SF,flag_SH,hot,is_guest_login,is_host_login,land,logged_in,num_access_files,num_failed_logins,num_file_creations,num_outbound_cmds,num_root,num_shells,rerror_rate,root_shell,same_srv_rate,serror_rate,service_IRC,service_X11,service_Z39_50,service_aol,service_auth,service_bgp,service_courier,service_csnet_ns,service_ctf,service_daytime,service_discard,service_domain,service_domain_u,service_echo,service_eco_i,service_ecr_i,service_efs,service_exec,service_finger,service_ftp,service_ftp_data,service_gopher,service_harvest,service_hostnames,service_http,service_http_2784,service_http_443,service_http_8001,service_imap4,service_iso_tsap,service_klogin,service_kshell,service_ldap,service_link,service_login,service_mtp,service_name,service_netbios_dgm,service_netbios_ns,service_netbios_ssn,service_netstat,service_nnsp,service_nntp,service_ntp_u,service_other,service_pm_dump,service_pop_2,service_pop_3,service_printer,service_private,service_red_i,service_remote_job,service_rje,service_shell,service_smtp,service_sql_net,service_ssh,service_sunrpc,service_supdup,service_systat,service_telnet,service_tftp_u,service_tim_i,service_time,service_urh_i,service_urp_i,service_uucp,service_uucp_path,service_vmnet,service_whois,src_bytes,srv_count,srv_diff_host_rate,su_attempted,urgent,wrong_fragment
Protocol_type_icmp,1.0,-0.4659777792121242,-0.07194173401546812,0.28089948007690285,0.07203207584776451,-0.01091167196290013,0.06229752275878184,-0.028839276633114374,-0.05852731615343293,0.45153588243968185,0.03485019650564638,-0.1218903398584115,0.012989837743551258,0.031080421861147706,-0.02221610023150068,-0.0018248693917476467,-0.060778415541370374,-0.023578288740918184,-0.0005501977327024149,-0.015746667558932174,-0.12379979998410395,-0.010669840642696828,-0.0064667567832038175,-0.009379926509351974,0.1594058095343231,-0.0007781000781782308,-0.01653939911159432,-0.01671990229685762,-0.0005501977327015225,-0.003112758288923471,-0.17590649748582904,-0.008566547990820213,-0.004109059576381198,-0.0044976975500486335,,-0.002511026133830792,-0.0033632327764684476,-0.06881567665854187,-0.006853953681574627,0.1070258172563902,-0.12664883384071823,-0.007708532310313682,-0.004637292958090027,-0.0165260045735199,,-0.017483383246568663,-0.015050318611054278,-0.015262479940159446,-0.01312969424274878,-0.013268518360615135,-0.012692265942658789,-0.012883216220655035,-0.013394532119672866,-0.05702834579743722,-0.011717638823380155,0.319294905958612,0.8697164133701789,-0.01246177547582088,-0.012227010127514204,-0.023795192975675377,-0.021309370598854068,-0.04577846557265493,-0.01254717777232922,,-0.011949504309356726,-0.15200590670836575,,-0.013024622215944609,,-0.014192240905455556,-0.014824873430845249,-0.011639338444511425,-0.009792359780936682,-0.011320797086573681,-0.012239476736737137,-0.011639338444511187,-0.0116654961627529,-0.011872711841834286,-0.011239770031199194,-0.010626953022467626,-0.010511740406999245,-0.010583893606597797,-0.014192240905455181,-0.00954064527812402,-0.007345538759089883,-0.029080187721754327,,-0.004983800020075506,-0.00905000778781255,-0.004702189420370047,-0.08633005869463167,0.03941187170552484,-0.004702189420377355,-0.004797892168779191,-0.0046698536741078414,-0.05145287112573068,-0.008707705136219664,-0.009730035891475431,-0.010951515949348995,-0.012989412591974616,-0.012202039275362661,-0.030937570871931386,-0.0011004081196627669,0.05213820482713452,-0.014192240905454038,0.04406414995818263,0.34692923426952316,-0.01576612211870147,-0.01482487343084454,-0.014051496434641816,-0.014700478895583804,-0.00452224677351143,0.5251045019688738,-0.05126915019089671,-0.004834579762023304,-0.0012302983953498407,0.0208662636469347
Protocol_type_tcp,-0.4659777792121242,1.0,-0.848980520763854,-0.18193183410664193,-0.07435140887954524,0.02289677114364484,-0.1646206826023657,-0.16222761438285516,0.12854989847651768,-0.43079290217552174,-0.15744005170900108,0.26873278309920307,-0.13513742900406928,0.06348069840951606,-0.09411498984325559,0.003916215478843394,0.1304320039558418,0.05059959893543005,0.001180738132261748,0.033792743477097625,0.2656774754231231,0.02289774559788234,0.013877822230383956,0.02012955751927577,-0.3420888648468061,0.0016698222809969456,0.0354939652691158,0.03588132963146244,0.001180738132258251,0.006680057349910557,0.37749975499505994,0.01838402682051781,0.008818144898118522,0.009652171735904306,,0.005388725054824449,0.007217581881587248,0.14742060398768447,0.014708756484369655,-0.25128116653299815,0.26857097390178397,0.016542703652772935,0.009951746982324466,0.035465220254676674,,0.037519778896160164,0.03229836117185609,0.03275366470474162,0.028176653112058584,0.028474573150452192,0.02723792101005437,0.027647705095323365,0.028745001837510643,-0.6729884312093932,0.025146346770419395,-0.1487843311924014,-0.4052685228472925,0.026743282687997624,0.02623947036314947,0.05106508086287373,0.045730443702539064,0.09824173515356092,0.026926558158113192,,0.02564393591803163,0.3262084878067608,,0.02795116590741048,,0.03045690489675449,0.03181455016127034,0.0249783121937548,0.021014649663006847,0.024294714451201776,0.026266224019208213,0.024978312193752072,0.025034447313110837,0.02547913735697743,0.024120828358492125,0.022805707689398595,0.022558458527334325,0.022713301103067383,0.03045690489675438,0.020474464027613642,-0.08668430649196272,-0.27629371768866623,,0.010695359827026798,0.019421543669158114,0.010091016417829914,0.02690556698644238,-0.0183650564518449,0.01009101641782945,0.010296396915967832,0.010021623095418156,0.11041915177306323,0.01868695359456163,0.02088090103344005,0.023502227869916414,0.027875605171447423,0.026185882288167595,0.06639280294480315,-0.012985856836349601,-0.024295244897457213,0.030456904896754927,-0.020532914740363787,-0.16166131412819204,0.03383449345038027,0.03181455016127128,0.03015486373262529,0.03154759636904859,0.0105899330977047,-0.6089525495447141,0.03673887592286013,0.01037512941109477,0.0026402512099081648,-0.2140159345440585
Protocol_type_udp,-0.07194173401546812,-0.848980520763854,1.0,0.037326497901598886,0.04079499342064021,-0.019294213356600178,0.14836701984642292,0.2000987138286349,-0.10995699719926375,0.21595271015515002,0.1566647536235274,-0.2301395540012148,0.1445791581867664,-0.09012226180508362,0.11936152040738685,-0.003324790656649834,-0.11073423064265307,-0.04295807385467497,-0.0010024236744135902,-0.028689380955220757,-0.22555500144027638,-0.019439739981990858,-0.011782000744219822,-0.017089602225461357,0.2904267826250951,-0.0014176465897055904,-0.030133685118216676,-0.030462549916243593,-0.0010024236744132222,-0.005671238567673979,-0.3204899385841391,-0.015607680663873092,-0.007486433247778629,-0.008194505786820091,,-0.004574922603295716,-0.006127586424480051,-0.12508498596375653,-0.012487447739914741,0.219344275330014,-0.22711525037431038,-0.014044433161972176,-0.008448839335537368,-0.030109281160858654,,-0.03185356142616014,-0.027420679487471886,-0.027807223317961902,-0.023921429632379882,-0.024174357941806515,-0.023124464363686658,-0.023472363069759056,-0.024403946629392638,0.7927018521015938,-0.02134875857656209,-0.022970629196877115,-0.06256890687983646,-0.022704526063469753,-0.022276799213379047,-0.043353258943814414,-0.038824255909247304,-0.08340531947131478,-0.022860123367388525,,-0.02177120207019155,-0.2769446518558607,,-0.02372999538800903,,-0.02585731898016508,-0.02700993336383066,-0.021206100493948048,-0.017841028214618197,-0.020625739326677946,-0.022299512546358854,-0.021206100493949775,-0.021253758116946683,-0.02163129130188626,-0.020478113421057896,-0.01936160159051269,-0.019151691868138507,-0.019283150198738087,-0.02585731898016305,-0.017382421132518346,0.10210399929296157,0.32882645244644454,,-0.00908015215569794,-0.016488512258271238,-0.008567076373458212,0.021228653936929034,-0.0028353583912916792,-0.00856707637345916,-0.008741440415689894,-0.008508162794449407,-0.09374370897483633,-0.015864859594185567,-0.017727478233362345,-0.019952933656096822,-0.023665845795035743,-0.02223130398169843,-0.05636619641912334,0.015295824248925905,-0.0037509128637188234,-0.025857318980171535,-0.003170051355900817,-0.024958690694002292,-0.028724825869201765,-0.02700993336383397,-0.025600891915280605,-0.026783294794341758,-0.009236959217780845,0.37285046458112076,-0.010795503312746278,-0.008808282770437768,-0.0022415218471310825,0.2287929082884021
count,0.28089948007690285,-0.18193183410664193,0.037326497901598886,1.0,0.02958927642627433,-0.03981171383413455,0.45867653331156955,0.047602993022316055,0.16877977187879703,0.04210532966302697,-0.47953420452317863,0.45858767898091396,-0.42926025975381454,-0.203315691612201,-0.08322584766299103,-0.006773956351170237,0.15555974686171783,0.08269966805920807,0.0021802733697147557,-0.044707078667581744,0.4634618248787285,-0.04016409098742842,-0.024516812704366706,-0.035543896364572905,-0.5183028074049613,-0.002978028827865398,-0.06293041402004855,-0.06392532983607911,-0.0021057763068847196,-0.011565442745501083,-0.6175164674727872,-0.032135557725728674,-0.01569621689314102,-0.016977645914299982,,-0.009591471433764428,-0.011720414264037882,0.1630975758506027,-0.025138710210038776,-0.5976764963005966,0.4548688729978926,-0.029347960100081328,-0.017630024576638915,0.09632227720043193,,0.06644058603445203,0.09165608004128599,0.022698761695325826,0.07540840265513728,0.07931962542149236,0.07853572089597614,0.07777226612189395,0.08061843900337536,0.0582494579077438,0.06814302589803069,-0.04736095078445479,0.3578684676355708,0.01955403588621841,0.018573206749176334,-0.013045589448675773,-0.003653018772509787,-0.12138274494965044,0.07637143616958923,,0.07819634558445326,-0.5015800923923487,,0.025760983597076553,,0.0961463205302105,0.10011959703077927,0.015644062576510707,0.012004571878111662,0.035617339255131636,0.0789483389413196,0.017256258301769082,0.07415466535125223,0.07023399470114326,0.0619874131714071,0.055765262479514514,0.0584683554850515,0.056413710133622334,0.022872553651128013,0.046290429053007814,-0.02758097061428091,-0.04768147872440607,,0.03365867152676117,-0.009162240173569786,0.007282032771779183,0.288969940424635,-0.005647830796483216,0.030620761919859605,0.02697556368374094,0.005818124029211243,-0.18598851786980083,0.03570816622490667,0.048129399774939,0.060237907588878196,0.06872902359175506,0.07216740373366251,-0.05019517466329736,-0.0015078700123365965,-0.007779583334040087,0.06835248793346128,-0.006635638158842033,-0.04635667794016051,0.024300580186878907,0.08874991955676167,0.08418188042407403,0.08574454331764476,-0.018874465615525957,0.555047343812297,-0.2563994038339796,-0.018497302069770582,-0.004708731165808916,-0.02412935025399326
diff_srv_rate,0.07203207584776451,-0.07435140887954524,0.04079499342064021,0.02958927642627433,1.0,-0.0169002107107704,0.15628680528913674,0.2241612060874188,0.024708955633097027,0.03765199960828142,-0.3181936228045689,0.16236125741274773,-0.30514980813834486,-0.05763380228835801,0.04659835895668592,-0.003257631940333679,0.0230335542631152,0.02050011783474438,0.011675787794048726,-0.00449747217547585,0.1624487365039721,-0.0005123752259742705,-0.008369654115672651,-0.007098325298509025,-0.1654559612294509,-0.0013890110047939377,-0.00016849161502786915,0.004394627533870213,-0.0009821753357555764,-0.0010808853869760217,-0.2244827987111689,-0.011857787125907598,0.0013337600306430673,-0.0062404461492414735,,-0.0041040900021212835,0.0021041606181317575,0.03065389895555392,-0.010351296472883697,-0.3442598277584673,0.1599446486903573,0.03340702037508711,0.009836826361871892,0.016703852445730808,,0.04285249536110653,0.014337523270294064,0.015390074228018693,0.013764887876050728,0.012125610015853527,0.013817241581021386,0.015212094529841848,0.015474335911762213,-0.06378947975372755,0.010637109765913212,0.11726407228341267,-0.06128184806326311,0.01251861065147895,0.012276537935106384,0.062104847334043194,0.009532653618961775,0.005858249700021743,0.011697964215128545,,0.011575773454215482,-0.24545942937553245,,0.017302937225997437,,0.012706625465205046,0.014265990876478587,0.012132896537928017,0.010270708851878316,0.012432682520866803,0.012621739688024334,0.01414533812254742,0.010659479170259532,0.012556454987853904,0.011752105125846757,0.01141983600356386,0.013260864209747104,0.010177681526161882,0.015254913167676477,0.011042254752839003,0.02634004187724833,0.208182822866438,,0.004179697630231128,0.03195477956797771,0.00637020339610771,0.10624332465459192,-0.002778085904228627,0.005684133223150571,0.006012778880941242,0.006834004569593912,-0.00417941161863625,0.014520130621834944,0.010718300921509792,0.012059377451309082,0.015081687999097109,0.012146364647649082,0.021879497902707164,0.0075292082587675386,0.001775486290178071,0.010578485555973134,0.011719676170536888,0.24112255699654003,0.016149814822326317,0.01448468900942402,0.012836954900891108,0.014802446284211936,-0.0029106084783757395,-0.10457872304819771,-0.07045129313862986,-0.00574962159869018,-0.002196244491227519,-0.025580628388414156
dst_bytes,-0.01091167196290013,0.02289677114364484,-0.019294213356600178,-0.03981171383413455,-0.0169002107107704,1.0,-0.028068175644748745,-0.00882309957876182,-0.015977185019276866,-0.008173780182975019,0.019769814446067527,-0.02517101558514652,0.017574428856063088,0.01058417981008539,0.05405861011352523,0.0009952405564436103,-0.016795475065605005,-0.005488924318072588,-0.00015204134919335693,0.00017621755909078633,-0.03421077096596626,0.03428042701553095,0.028036388545242114,-0.0017681717479269532,0.036895716381546616,-0.00021501976228183772,0.0073565310637218745,-0.0003847339545155092,0.00029638842886730833,-0.000860177972084104,0.051023647074633735,0.04259796792599044,0.05950222873015451,0.014224805529140455,,0.10696761292773461,-0.0007673614411187899,-0.01749542956254239,0.10801331733230954,0.04132086957265338,-0.02846611974387363,0.005114575963314523,0.13321073660021002,-0.004566787325336864,,-0.0048150709833721436,-0.004158997050339628,-0.004217625599341574,-0.0036282527326350466,-0.003666615315622733,-0.003507374028531411,-0.003560141126937382,-0.003630370187322964,-0.015255642423437982,-0.0032380460881245667,-0.0034840412732261407,-0.009490060203454853,-0.0034436804153664706,-0.0033788054837235243,-0.006431684843284855,-0.002525160678068709,0.006311519647453355,-0.0034672804406239567,,-0.003302119673342409,0.029394362628536987,,-0.0035992171845519263,,-0.003901630482684441,-0.004096697648984611,-0.0032164086030041453,-0.002706015500219677,-0.0031283830533684457,-0.0033822504999011195,-0.0032164086030039285,-0.003223637012976499,-0.0032808988836613468,-0.0031059920799329332,-0.0029366465532548857,-0.002904808760294553,-0.0029247475371467395,-0.0039218763129909425,-0.0026364568482315142,-0.0019927871384854317,-0.007858479936849974,,-0.0013772206501789417,9.022334664139748e-05,-0.0012994005266518877,-0.023416101663090202,-0.0004300494154930121,-0.0012994005266530645,-0.0013258469733114348,-0.0012887257664366124,-0.012309889852199085,-0.0024062826118730865,-0.0025311418327278266,-0.0030263361000569164,-0.0035894873757784623,-0.0033719050517055905,0.06776051425590159,-0.0003040861952579767,-0.0005689149878074303,-0.003921260890245886,-0.0004808135496653817,-0.003785577998682189,-0.004356801811425286,-0.0040966976489846966,-0.003882983060666795,-0.00406232252919358,0.3812663950766608,-0.01671417006418184,-0.0008752653307863411,0.10304572033685894,0.02544549328111513,-0.005011393909315109
dst_host_count,0.06229752275878184,-0.1646206826023657,0.14836701984642292,0.45867653331156955,0.15628680528913674,-0.028068175644748745,1.0,0.11416311470832868,0.06827609514314574,-0.21399979651778495,-0.4654614209927222,0.39398458632556643,-0.32487670086139714,-0.4099463963939194,0.024396127862728437,-0.00659607307226627,0.033788464109430594,0.06595075726950772,-0.00020843997617174016,0.018440045692270708,0.3807253722079455,-0.04101010852235883,-0.027153562244656648,0.021944589636441466,-0.38385613058181006,-0.007022982180077211,-0.036831934932748674,-0.0383855215929487,0.0019448194065827054,-0.02783793588183165,-0.47944182949482606,-0.008894842683389642,-0.014000031268325568,-0.0039790827774650595,,-0.013485063084409448,-0.00798548546754548,0.06449343157038223,-0.02833050613417635,-0.4793019601073765,0.3792885773602148,-0.05370332386698823,-0.01861003576495436,0.058415534084680844,,0.035105129532115295,0.05131213503717672,0.05394927208183684,0.046410376939346694,0.0439608629833886,0.04486417091831584,0.04553913517993039,0.04693949147887109,0.12123323184891216,0.041419093588848765,-0.013531328444992176,0.06099437896741075,0.04404944140138836,0.043219601185373706,0.018523728641360922,-0.007383701518024061,-0.07548322956294042,0.04435131840639109,,0.04223868347444089,-0.4342264312673394,,0.04603897207027647,,0.050166229149027124,0.05240243613298344,0.04114232018998311,0.03461368560110583,0.039714154620178035,0.043138933563846835,0.04114232018998341,0.041234781563701334,0.04196724018728542,0.03972993995257786,0.03756377615267663,0.037156526691126346,0.037411571258759845,0.04925238137348699,0.0328913894828705,-0.02437624279069142,0.057034844766623245,,0.017616559323095936,-0.013502711523650113,0.016621132176024633,0.24406137738585848,-0.004756216296363321,0.016195305264029982,0.016959418852445018,0.01389989794193308,-0.13077341368831305,0.03077968688207457,0.03334606530912376,0.03871102966050645,0.045914514342024176,0.043131335104075484,0.0318214276360924,-0.004403370257455198,-0.013083451511323013,0.028078551090220824,-0.003925858134229004,0.0398721055605017,0.05572952856873994,0.05240243613298332,0.04846872023101632,0.05196273074752571,-0.011036800301941598,0.16413791343722622,-0.2403628183528719,-0.01576368754831289,-0.005456680363947482,0.031921453677607764
dst_host_diff_srv_rate,-0.028839276633114374,-0.16222761438285516,0.2000987138286349,0.047602993022316055,0.2241612060874188,-0.00882309957876182,0.11416311470832868,1.0,0.09176352325992569,0.27537115306158505,-0.41036893875630714,0.10136800419742356,-0.407961049927774,-0.03135912724104127,0.3241275474453142,-0.0013972411019789225,0.01991702280135025,0.023234855931657628,0.011865967899046816,0.003542045523729029,0.0861324095661347,0.01058025350470219,-0.007327991353400616,0.08683981195849247,-0.10583250874513705,-0.0018227558132481554,0.018328132740539092,0.027284061438626973,0.013671534990839127,-0.0039172491584930115,-0.2419023933855783,0.012684829283588902,0.011397572170486045,0.01662964779146297,,0.009758698165662919,0.0018508804599636566,0.029331872123676796,0.0068925946005074425,-0.17833910462377692,0.10418640808344275,0.021546901699559144,0.01142805191609621,0.013980386408837813,,0.021351146794630554,0.012853433785792503,0.008309484828841288,0.011960953645737956,0.01212738112629531,0.010774124364655082,0.011003464742665435,0.00933258803289232,-0.09336864426845622,0.00978865749484714,-0.021985365880898625,-0.01565336502567869,0.006912437266913638,0.007066733713942468,0.01123896824321709,0.028714962557809115,0.0587583774538789,0.010795072892800387,,0.009970222609700449,-0.33419067775389766,,0.007887099271137007,,0.01197106666166442,0.012911253043769505,0.006195672549092122,0.005229911605034038,0.008405278035000886,0.011424222272328187,0.006721760902928214,0.010637640830460964,0.010693788088168702,0.009997902769103405,0.008908337259419582,0.009275850508797482,0.008957693157945352,0.009207165724369902,0.0094814120278907,8.82361105929194e-05,0.5523596730601651,,0.004395338088483124,0.015318636262604981,0.0023925651697033995,0.10982760682604593,-0.002186437766705267,0.005412336476334808,0.004002553336277843,0.005054390295466818,0.06746407735720615,0.007867128058523567,0.007324528751398228,0.009179712295650358,0.010837766734744153,0.010524949481339372,0.06641474585603804,0.006837065205554724,-0.002134108440860531,0.006232203260960672,0.004081071195590697,-0.021765395291402395,0.009081272347668326,0.011929390341989159,0.012393852109642826,0.012436536116921207,0.00950141601517355,-0.08658578722459873,-0.06170365412316836,0.014097474090324826,-0.0001135378840237683,0.1293797305337365
dst_host_rerror_rate,-0.05852731615343293,0.12854989847651768,-0.10995699719926375,0.16877977187879703,0.024708955633097027,-0.015977185019276866,0.06827609514314574,0.09176352325992569,1.0,-0.06318841384502681,-0.23068260019630482,-0.22556983559491284,-0.23618967534238902,0.07088784261145356,-0.013128880375948306,-0.0033476740435380487,0.8802102408053076,0.30951515919757433,0.00785967287609519,0.05043528445805246,-0.21631152217931773,-0.010410072702649162,-0.009612701626287124,0.02361274143997647,-0.3882941775875936,-0.0011007708884298586,-0.02414611208532888,-0.023756052772835313,-0.001009323010682016,-0.005465268914661484,-0.27003436373310374,-0.011677210088139685,-0.003862570984916746,-0.004884383460789053,,-0.0036363422386825836,-0.003979707520729687,0.9398942701708688,-0.007917947050311989,-0.2725266913676642,-0.2150291302611825,0.015226417497591025,-0.006785159819540174,0.033664863452013354,,0.01839056536659256,0.03590888215007597,0.025936797499204457,0.026364179931560244,0.02976899038761863,0.01487284571192479,0.028545817691053178,0.023155106211468508,-0.10105812442182233,0.026652553311755256,-0.02303967567889889,-0.04736924235325058,0.026929112325402887,0.026530695132551796,-0.017048047023486584,-0.005998071143417016,-0.05604777385750715,0.0274774293386022,,0.027007123827369833,-0.10469945776267908,,0.03456396115333449,,0.029041531819209838,0.026134264873402757,0.014580799361502958,0.02262246360579013,0.023376643560263026,0.02983914592951233,0.018415097820275034,0.02105496056800542,0.031011112468253166,0.019304680262514314,0.027993309792700864,0.01756935895550939,0.00996288356434219,0.028955136810885573,0.004386584593009822,-0.013433618521188555,-0.04080828590223947,,0.020453090498441674,-0.0024639556367119352,0.011372513399544317,0.1604187702305375,-1.3101825074005322e-05,0.017267165607239406,0.01239914944944441,0.009686066658915643,-0.05445655363832333,0.023211226072705485,0.014611809675587395,0.02180877770999422,0.017973564030252066,0.02055856945800557,-0.006788275048878329,-0.0005866794737295664,-0.0035051142402956663,0.023299863557958104,-0.003191869725572869,-0.025052182472139133,0.037260908358576664,0.031399008866615556,0.028755174412259547,0.025282527200211916,-0.007549598519622374,-0.08479548896483675,-0.04436422379460594,-0.004316076614309688,-0.0022569494685785764,0.03038109499332784
dst_host_same_src_port_rate,0.45153588243968185,-0.43079290217552174,0.21595271015515002,0.04210532966302697,0.03765199960828142,-0.008173780182975019,-0.21399979651778495,0.27537115306158505,-0.06318841384502681,1.0,0.1368766462591302,-0.23755477076622217,0.04279044939347746,0.1560275121770027,0.15983653333266382,-0.0031471348384836907,-0.0562828121312253,-0.039845428991251854,0.010062943564639678,-0.014236672892123119,-0.23463387232018024,0.004387397797562939,0.004286566374468592,-0.014352422415398042,0.2604734592216733,-0.000564735931051674,-0.01957101335506245,-0.017301150105595495,-0.0010968117850816488,0.0478472616031289,-0.08301116300833482,-0.008622169838465527,-0.004893961071173125,-0.004056676744470733,,0.0003876174390328483,0.01421463645243574,-0.07095128605702011,-0.0002470945835128469,0.24608060184082356,-0.23653782778323534,-0.0020548717066125287,-0.001613126284668784,-0.03294436799576102,,-0.026982064085788703,-0.029912853267537426,-0.030425548621913382,-0.026173869000238714,-0.026339251186547345,-0.025301861563304443,-0.025662576946528567,-0.026692226400793398,-0.03465338836451542,-0.023358955500791753,0.12891985458742955,0.4610143566589611,-0.02484238191562005,-0.02437438034916884,-0.030231679248810216,-0.029525560107179803,0.1855631147706009,-0.025012630245916823,,-0.02381580446965969,-0.10011869503821079,,-0.02596440932701667,,-0.028292041490962188,-0.029553185927205242,-0.023202864747881732,-0.019520937606739504,-0.022567856832340798,-0.02389567168940417,-0.02320286474787925,-0.023255009807670632,-0.02366809147873692,-0.02240633048651427,-0.02118468801621206,-0.020955013215841613,-0.02109884964947362,-0.02827845276050581,-0.01862943132474402,0.04703520316054146,0.43542342265004624,,-0.009935138354089506,-0.008175981204919466,-0.009373751408655494,-0.09935503314600828,-0.0017460095923344738,-0.008080849699334302,-0.009564533551277326,-0.006116346239668218,-0.07469512613027146,-0.01735869315118394,-0.019357161317101954,-0.021831699848570862,-0.025894219414958546,-0.024308817103384006,-0.040619774869500934,0.002398178344544022,0.019850861210564227,-0.022951670421083297,0.0032956539238735726,0.008544789280876762,-0.03142955253549935,-0.029553185927205444,-0.027965724396546602,-0.02930520709312251,0.013036738050141569,0.33424251881314077,-0.00031811462789341764,-0.0023302682685168693,0.0030321757841427575,0.0751782644112002
dst_host_same_srv_rate,0.03485019650564638,-0.15744005170900108,0.1566647536235274,-0.47953420452317863,-0.3181936228045689,0.019769814446067527,-0.4654614209927222,-0.41036893875630714,-0.23068260019630482,0.1368766462591302,1.0,-0.6748820243074227,0.9355046107390977,0.1530280910391759,-0.07425417312364253,-0.0003719858949371686,-0.19206062766748674,-0.11970578510206786,-0.0033523214304769134,0.047800010745540966,-0.6564548469038924,0.010698059306919427,0.022942758909065088,-0.007617794301467967,0.7326850762866947,0.003967865350030295,-0.02933429412281706,-0.0522154952570036,-0.0029791083897789733,0.009615879207912733,0.6434822932972395,0.005591929401116959,-0.01528077418551954,-0.017477052159269604,,-0.007083915806662042,-0.009567383989328215,-0.21195876949891213,0.001956848777157831,0.8301248468510826,-0.6556078000846055,-0.01972935875144777,-0.011411792004376347,-0.09464696442725613,,-0.0972341307494979,-0.08641092880404587,-0.08755074822942065,-0.07572858439866625,-0.0762948673255998,-0.07339937618226053,-0.07426052896610198,-0.07761070491568231,0.22736006646342274,-0.06709242626404306,-0.004127684201621609,0.07008036924923572,-0.07064632078989505,-0.06950018254367442,-0.11116180306860189,-0.0860177914065881,-0.12117421687346716,-0.07173360173147508,,-0.06832075380751183,0.7256434213006789,,-0.073993414510361,,-0.08125180300719317,-0.08436815052990095,-0.06621780387809093,-0.05550924776938111,-0.0646733123532087,-0.06993764981677696,-0.06641252996517454,-0.06683510933093872,-0.06821747062548647,-0.06489411124041358,-0.06099978170067422,-0.060227550914264065,-0.06088114725739731,-0.08097550064368968,-0.054466894067413875,-0.012583210539160625,-0.12752786795318719,,-0.02853137706292507,-0.048346731117269774,-0.026851445789542815,-0.40663106110656055,-0.008932241807138579,-0.027077194728255607,-0.027463257687859885,-0.025080142866151223,0.029215486113411272,-0.049377641279966834,-0.05493026672427137,-0.06233553241042993,-0.07401847873061523,-0.06986434426266644,-0.09300668975978328,-0.006424806963177666,-0.0008896972608806254,-0.06243415782921375,-0.007178629369223305,-0.06843176221258575,-0.09041112239938004,-0.08462582034094694,-0.08053341518232608,-0.08430472098635163,-0.010291378489902886,0.18197020237814007,0.21950512018650578,-0.017405514475654273,-0.004672597995059333,-0.0530222795316234
dst_host_serror_rate,-0.1218903398584115,0.26873278309920307,-0.2301395540012148,0.45858767898091396,0.16236125741274773,-0.02517101558514652,0.39398458632556643,0.10136800419742356,-0.22556983559491284,-0.23755477076622217,-0.6748820243074227,1.0,-0.6274073425922572,-0.158207963584909,-0.03940937358177954,-0.005704274661100834,-0.19298189972597818,-0.07415787344968985,-0.0017706971709165699,-0.04712798471135245,0.9782939667189234,-0.020072145832928528,-0.01132975704146035,-0.0038507236310768053,-0.7601224920459517,-0.0019766919790407483,-0.05137309741844539,-0.05346345313160264,0.0018346816803432593,0.02002902132611298,-0.540869998545695,-0.019432767037348368,-0.00920665660856505,0.0027861542456277502,,-0.005050144049252738,-0.009869281844745177,-0.21622620119985636,-0.015878100784254306,-0.7665892518730119,0.9750375802238676,-0.02069812480105101,-0.012887500609823332,0.09047636840347187,,0.05850486527784478,0.0788076121849219,0.0870268270560948,0.07213939576940177,0.07079877426885124,0.07683368444646674,0.06878961725726772,0.06636473431765348,-0.183379401746643,0.06216498870430873,-0.040556620704494464,-0.10462632623962254,0.06718707891920263,0.06584808165742784,0.09335914677994059,-0.002842230842551124,-0.03690447107373813,0.06740275927570435,,0.0636278648806944,-0.4382029090699812,,0.06590025285296931,,0.07688489935543764,0.08389834963293182,0.06986572174069593,0.0518114801756094,0.06176686122266903,0.06369610298988623,0.06728580549140942,0.06568862917568757,0.060408093642775156,0.06395202457913053,0.05391085606153555,0.06013595301390756,0.06574790762661357,0.07766966884872718,0.06235484126399973,-0.023640091418863238,-0.08609376504198595,,0.02035441885584824,-0.008797235927733698,0.02453655563765913,0.3647657659121399,-0.005008422297015157,0.02053393835433233,0.024500909137473645,0.023493404132392853,-0.13013679735065165,0.04399038689634691,0.05501312359724248,0.06029390972816782,0.07682475009666204,0.06936632852327818,0.09160568145534041,-0.0035414350669418235,-0.0066256723236572815,0.06331129367532487,-0.005599629289342183,-0.044069870164433686,0.08285502843625618,0.08035363508369744,0.07678694036780072,0.08361990733751094,-0.015096778990741145,-0.15667851367664948,-0.20964343695009263,-0.006078649194908114,-0.003737060067102189,-0.05261101203747468
dst_host_srv_count,0.012989837743551258,-0.13513742900406928,0.1445791581867664,-0.42926025975381454,-0.30514980813834486,0.017574428856063088,-0.32487670086139714,-0.407961049927774,-0.23618967534238902,0.04279044939347746,0.9355046107390977,-0.6274073425922572,1.0,0.06706571585655333,-0.07617287019054692,-0.0001950977071875952,-0.20228151688926999,-0.11071310982735874,-0.003118516801354348,0.04189112984190119,-0.6107578923900702,0.006436549740695951,0.020517973614284136,-0.005210157525654196,0.6957756818893397,-0.0038701727618512508,-0.05326422773970722,-0.07228383286931601,-0.0027242954985548843,-0.017338165428200963,0.6291030394295881,-0.0002498656209229204,-0.020000923857032914,-0.019003871714556097,,-0.012693071742509896,-0.011080367857851608,-0.21862450449454499,-0.004683634334721177,0.7708301630849246,-0.6099308645743139,-0.04034908465896533,-0.024669611531563353,-0.08713424743137504,,-0.09358934682969615,-0.0796722920072633,-0.08060288742906149,-0.06974116923751256,-0.07041747251162532,-0.0676306917256073,-0.06840545406209855,-0.07149051301526971,0.22261737476177484,-0.06174742604929914,-0.028291244864644214,0.052802678208579146,-0.06494671645666417,-0.06390726229432529,-0.10945397967175183,-0.09953064169649574,-0.14938693459564617,-0.06601370653452406,,-0.06287149803014294,0.7296321985403402,,-0.06803784572795647,,-0.07479737991923575,-0.07759072625120904,-0.060900794362579766,-0.051042895556634806,-0.05950980360004561,-0.06435915717807318,-0.061087782790508104,-0.06152444669617103,-0.0628164071527734,-0.05976372717629617,-0.056171765264752614,-0.05542921254239922,-0.056056418089658104,-0.07452376539021997,-0.05034786651318855,-0.02962977018892817,-0.12522561343833286,,-0.026274874762869906,-0.04967878059558173,-0.0247510552655564,-0.3865304704711762,-0.008585527037556866,-0.02495008944396859,-0.025238078567094716,-0.024662095186167424,-0.00122770999378434,-0.045402712534024656,-0.05048245334526671,-0.05734513640389161,-0.06807217408855473,-0.06429339245145947,-0.10045313760459859,-0.006175507540046833,-0.011701929586365503,-0.07440951932373097,-0.007360804035131287,-0.06320907121751226,-0.08324589325553637,-0.07785002726501014,-0.07421031042781523,-0.07760878907334938,-0.014285345991091691,0.19307136547440543,0.18851589330021498,-0.023597697813197555,-0.006918227530909948,-0.05670051455537475
dst_host_srv_diff_host_rate,0.031080421861147706,0.06348069840951606,-0.09012226180508362,-0.203315691612201,-0.05763380228835801,0.01058417981008539,-0.4099463963939194,-0.03135912724104127,0.07088784261145356,0.1560275121770027,0.1530280910391759,-0.158207963584909,0.06706571585655333,1.0,-0.010575484482301011,0.0045259215656488026,0.09011743574362013,-0.02240092104576141,-0.000777078110660615,-0.019878465114314233,-0.1554401615656656,0.014169075559240355,0.005765558788920447,-0.010478022546369675,0.09886634374865337,-0.001098958615635184,-0.018214057433177066,-0.014578336946112979,-0.0007770781106621347,0.15608955820761608,0.10983655419787451,0.01175951722062983,0.0018632795293884094,0.0049423909636211565,,0.012464271079291454,-0.00123778172916786,0.06623849613249529,0.029717481236827045,0.20218600053891703,-0.15577467711793427,-0.010887234475169897,-0.00654953416974579,-0.02334069307711873,,0.051765653749483824,-0.02125649099576169,-0.021556139494877356,-0.018543875027563467,-0.018739944870919338,-0.017926068125100458,-0.018195758951629778,-0.01891792185629963,-0.06772640467173743,-0.01654954227736844,0.10447472986945348,0.0021346785647630203,-0.017600532257146157,-0.017268958710997474,0.12089875574719891,-0.022975364823492217,0.013894102540960377,-0.017721151175187775,,-0.016877020169540274,0.154623210074782,,-0.018395475339181833,,-0.020044575056102895,-0.020938080896460095,-0.016438953834516132,-0.013830352226423056,-0.015989058275447086,-0.0172865660702219,-0.01643895383451682,-0.01647589798948226,-0.016768561442757943,-0.015874618779740314,-0.015009099612586693,-0.014846377746988531,-0.014948284150238316,-0.020044575056104724,-0.013474840346618017,-0.002855615726942902,-0.04107173837561329,,-0.007038927413391003,0.16215726963049207,-0.0066411914363933835,-0.12192925364149419,-0.0021979677834718814,-0.006641191436391596,-0.006776358316408345,-0.006595521672392127,-0.02545856115388286,-0.012298427734710944,-0.013742328362702262,-0.015467499804081162,-0.018345746620933603,-0.01723369084008729,0.0871749309239947,-0.0015541740937101561,-0.0029077049512979745,-0.0200445750561028,-0.0016648713085604587,-0.013947404160745795,-0.02226746433194103,-0.020938080896460497,-0.019845792980084525,-0.02076239084055412,-4.8570802038876764e-05,-0.08577421108385518,0.09708984492696589,0.02578864873494383,0.015186662068404147,0.00432341447760975
duration,-0.02221610023150068,-0.09411498984325559,0.11936152040738685,-0.08322584766299103,0.04659835895668592,0.05405861011352523,0.024396127862728437,0.3241275474453142,-0.013128880375948306,0.15983653333266382,-0.07425417312364253,-0.03940937358177954,-0.07617287019054692,-0.010575484482301011,1.0,-0.0010267181280449278,-0.03419213912728981,0.001595768542160161,-0.00030197953060779177,0.15411508507407032,-0.06965292939172897,-0.00600312485964193,0.02103957143834626,0.024260682548117855,0.055333072298646736,-0.0004377789771223299,0.007009064697215072,-0.007002170002211525,-0.00018581778238959296,-0.0017513173150484256,-0.039848147136100236,0.1705327946379918,0.03144745460579668,0.20267070877665003,,0.1140944853226081,-0.0013666531930263807,0.0055837398286027245,0.1407502030992556,0.06150275130896476,-0.06578477669495278,0.22779840581402358,0.022324570241536425,-0.009297952257040526,,-0.009801601362538019,-0.008467693644667993,-0.00858706102717027,-0.0073871013211621395,-0.007465207315552179,-0.007140992987349798,-0.007248426490744427,-0.00753579327893241,-0.029762233986984264,-0.006592642877500078,-0.007093487634150614,-0.019321707012409685,-0.00701131316386579,-0.006879228182863902,-0.013358170146276684,-0.010006733753133115,-0.024924513154948227,-0.007059362677081745,,-0.006723096321870554,-0.0766255965952947,,-0.0073279851152884485,,-0.007975372754571592,-0.008340852428260827,-0.006548589084480372,-0.005509431715440091,-0.0063693695807900096,-0.0068859003749840554,-0.006548589084479418,-0.006563306084867002,-0.0066798909183462,-0.006323781689974646,-0.005978995189138873,-0.005914173629081787,-0.00595476886200662,-0.007984917211683346,-0.005367810707243357,-0.003987893315910669,0.33635193094756827,,-0.002804013180503607,-0.005039151949766685,-0.0026455718646206665,-0.04854048389139832,-0.0008755780921195316,-0.002644684943440607,-0.0026994166751767557,-0.002618746076215764,-0.02599480955453292,-0.004899177309609602,-0.0054723628110698724,-0.006161602581330396,-0.007308175281588503,-0.006865178943669721,0.2828893328046241,-0.000619117713201314,-0.0011583075843294263,-0.007975175961641472,-0.0009789335720837063,-0.007707414641743065,-0.008870422980124231,-0.008340852428260798,-0.007905730777681218,-0.008270864885599142,0.014292921555033896,-0.04032133183038875,-0.032713083432795,0.2129803035239132,0.01152676024648688,-0.010203489662105061
flag_OTH,-0.0018248693917476467,0.003916215478843394,-0.003324790656649834,-0.006773956351170237,-0.003257631940333679,0.0009952405564436103,-0.00659607307226627,-0.0013972411019789225,-0.0033476740435380487,-0.0031471348384836907,-0.0003719858949371686,-0.005704274661100834,-0.0001950977071875952,0.0045259215656488026,-0.0010267181280449278,1.0,-0.0028088773628235685,-0.001089671734750669,-2.5427414365688116e-05,-0.0007277329896172791,-0.005721413640020366,-0.0004931071923981815,-0.00029886147207708953,-0.00043349374942299563,-0.011447947832472789,-3.595993209320139e-05,0.012929837346547176,0.019212062568581104,-2.5427414365616908e-05,-0.0001438562722605714,-0.003083086792464281,-0.00039590342253183685,-0.00018990038361122778,-0.0002078613060348264,,-0.00011604719211509346,-0.00015543196260579784,-0.0031803197673274954,-0.0003167557951361354,0.007000020464796556,-0.005410263979270218,-0.00035625018707901424,-0.00021431271445159555,-0.0007637500867837781,,-0.0008079953876588042,-0.0006955511898961633,-0.000705356235803443,-0.0006067894434336537,-0.0006132052066415738,-0.0005865736737546852,-0.0005953984499276669,-0.0006190289385058426,-0.0026355677113819756,-0.0005415312351200949,-0.000582671500822363,-0.0015871188622637558,-0.0005759215458757875,-0.0005650718541454296,-0.0010996959742706745,0.014764597022009586,0.005516838182516376,-0.0005798684170702286,,-0.0005522469095726258,-0.0001048826165689895,,-0.0006019335347200286,,-0.0006558950879532822,-0.000685132230176235,-0.0005379125793874182,-0.0004525543726695378,-0.00052319117539042,-0.0005656479990849596,-0.0005379125793874972,-0.0005391214595783943,-0.0005486979420377577,-0.0005194465061778276,-0.0004911251389934058,-0.0004858005824936025,-0.0004891351460409675,-0.0006558950879532938,-0.0004409213749626886,-0.0003394744228569748,-0.0013439422576275036,,-0.00023032655478842529,-0.00041824654002719223,-0.00021731190754003147,-0.0039897477655345265,-7.192151834671844e-05,-0.0002173119075401009,-0.00022173481460685396,-0.00021581750948937133,0.001062531345552803,-0.00040242700671724483,-0.0004496740711585331,-0.0005061248300815303,-0.0006003063202798658,-0.0005639178250288183,0.00955482296319834,-5.085541354854408e-05,-9.514541412959094e-05,-0.0006558950879533859,-8.041131853180954e-05,-0.0006331005407211669,-0.0007286320830241987,-0.0006851322301762341,-0.0006493905755399528,-0.0006793833308182127,-0.00022850946348339048,-0.0030783720838575097,0.0014383310849993764,-0.00022343033347224872,-5.6858298812780546e-05,-0.000838132515583771
